$ANSIBLE_VAULT;1.1;AES256
30383230653061653438613135333661653133363238353262363637613537343466323339333564
3365623135343135376263326435323130363032623138300a376334653638303939323033346538
39313935636262303665336630666238353838383137646336623436663132306636306562393636
3931333664383461610a306263363562343763396133633531616664616534613463653762616365
65663066373432336537643235626463636236386335303863653833613130323434316132613533
36616532666533383363376661313338363530643732316164623731333661653062353030333634
36393164343262336530376264333634303336626637303665393866616336613538323232326461
61343432373965646433346462653533303566643463303964666266353831386565383433383836
32626562363130303864313264643062363039326162323034626262653065333335363266303261
65623064353064383964333834616363333761303165616565353063353930386363373037626265
33613934636465646666346330376130366430353839363932353562623039363364313331646136
66356530633233366537353839643530633434373439373332303662613336336561386333656263
30396135323536333365616235383663303338313732396262343337346535323734626137353963
64653133323565636264366339313838346432646632613665343835633733376462613839653233
633732653263333138396436616438636363