$ANSIBLE_VAULT;1.1;AES256
37616530343665653362653062653433336661636237353462396230616562613736613865393032
6432666461376432323231373134393264343738303362390a376263373564656233393835343030
38316365613631383065393533313161393033363330343066623930663632396465353164336464
3163623330653766620a343537613565383939376261626163623261346564613436666365656463
34316465333530306135353531383364653838633762323633356530316535306336616163643637
38643830396639393661643531366438353737393632323034396666313236346433373436633466
39373265646639363964343961306433313438646235346162373734396464343036343062383064
34353130623635633434376337363361633131623566636563323832356533393636636264663339
39373235386332613338336138613665623062396134366464653062653265336435396133353035
66663639663963633234366539383164336637666562633230343636313364363337623135393132
38333036333363623966353534396435306463663939646437353630343234386434633631636164
38336136346666656233306131333437363065623534363038356330333439346563643531646233
36366363633138356130386635326133336434613264623436346231346238633737373130613632
63373136366339343836313833613362653736383135313730303337366234306265643034623365
33353732363830643131383263623665633963313439663663363233613232623566383630396130
35613464373939383464343962663463323838373836303464386338623733613532616535363839
39643532626265303862626661366665626138616131623638396564666135656539386534386266
34646635663863373561323763336365653033303134343064633139346430306134643935323834
36383966373334646236623636643036346130663862353734636436316437393934323830393564
38316563363335623562613736366364396634306134643036313838626162363732613363363932
33666331326336633339373239326261396665363336356261373061396362643739
