$ANSIBLE_VAULT;1.1;AES256
36663337626262356137363331643134393961373639623530613831613839393863653738343234
3136666238336561623163366463613966373766666432370a313737616336396534306539653761
37326336623463353239313931316534366562613863663233346638346164346533323736303032
3934373934313831310a393535303663663234656636646563613363653130316361346234633065
38666561663764376364306332333632633562653463383533653031323666356433613237336132
34643733346265333865396661663532343166326137313333643061386664333631336262343330
36346230373438383738653234636366353332643461643566643534333537313033316237316561
31666635653530396533623733646234313434323964323630623064626561363764393834336462
33383135323030383562326134336436663637353535373639343531393566373266396438313965
62646232383466336238363134326338303038323765353934636531623762313261616634313732
64633532313163363462323861373536343433303633653064323061373531633766643035313134
35613039396265356261633131386138356564333136643332663437386237366337323433376162
33643765376366306432393232363733613932353234373465643834613337303434656334363239
30313662303239336465623137663538646431653039616637343936306365303963353836313362
31343134316162333339303539653062346362643431313066353530623235653832636163316233
63306661396639653735333133663364626238633736636237326264613934646465333733353137
6235