$ANSIBLE_VAULT;1.1;AES256
61333166383464303934306435613735333033636466313662303665356237326537313332373838
3865333865383637383838336563613030323135646264620a613735363232663461366131626664
61656431653236636464353662396466306436623836656435626432353438363663313335383734
6361386334326164620a653031623865323035636431623432353634323766303364333865313139
35393865353239383730373536323432383862316330313563346365393038383961633230643837
31663164373562383436616264346234633639396437626537353037376662356663326631623361
65323133653763626135323362306137653330323339386265323036316663353864303333323065
34666131643231623134623961656664646465306234663939653031323339313164646365643039
37313864636432626332643266653266616331666266663930396639326236636666313366616230
34383136356533643234626538393939353137383535366161646431643134653965366566613938
30366366666533643865343932386561663962373636633538313634306234303839356136636363
37616333616438643133
