$ANSIBLE_VAULT;1.1;AES256
30666366666663313235643231393761366336333138383236373933333861346336363837656264
3965343432353461363263313561646662356665326138330a633530663363346233616366313564
35366332376131306465333966623961306131643130323766616533643062633535623239643039
6434633738356166390a346235323636656439323533633538303466623439313534313665663262
38303731303536636562626366303134326262313432653631303934336461383635323762353862
65613566373737313433663666386639653336643936383234333436376266393536396234376538
61346239656334303762626435306534313835383437653937393965343034333834363432366336
62323039656633333334373234653262383931386663363533653232353461333139373462633335
63376436623761663933666564393263366539393931376233656232326231323036633039326530
33633433326666376433643436613830363633333833326238623861613239343734613333316463
38376365376463303636623765633833306437646433366363343439623437666331643937633531
61346534653033306532346562393139666536623961306630623334333534353739386664653232
61636135353662653230393230386232333037646566663434383065643838613034646633656363
63636662356565656363356134383238353535623366376338353835653561313830623962666531
61393964643130343234613365323739646636313336643332376532616461326631303031303933
38663732333935633163666564323966366534383565376365643964333831646364613966666635
32353964343136663638663734363430633236353565366632303631356266373437646530306662
37323961633434613765643462313234356335663861396366356463653730323430376233386563
38376562613436313664333763353865623830333061623163393332316136383366636137666363
34393937643036653230646664623435663466643564303032336639306137323864613062646539
32663432373263343138326333373663613031383762343537613730656133383963616236326632
61316664343666343231363665366438373563666435633865336436633563343736316234303030
36303831666264313962393439333236366565303938616435346336353437343038383034303939
65316535333165636462343234323737633164653137393731333536636539386130623863376536
32346262376265643939643036653933663439653539656264666566353830643731343334653337
35373663346338383439326433623836663961366330356531616536626239326262303866613662
39616237313161623036376135303930653238376665313233336230333330663566386539323466
30616561326263643166313664633839363463303664313936633630613936313965663165613835
38393330353839656335353465626262623762353438316331346263316336646438356430353833
61633861643764323437333835396337313234383562323136353839373731316238346135363736
39336663653230383163396335666561396332656665366361306633653437343736623535393163
31353639643037393463366539383536623065643866643136613165333035373264326663333534
64653632636234333165653136646330636235323862323364343065376464646233363364313762
32316435303436366661653536393730363565386363616537366638353837346534333530623861
39623432636432623462303964333063343134346361663532633430613932323063616537373666
61363737633138623934656665363035373663386664313465336364356235356363643930353765
35623662666431656238316333633638383662313036663866396462366163376161313565333736
33303331613763623963303034313163623033626632383631643333643235663130623539366438
31613765363830363137373463306261363730363661373461333037653038363465323339373231
36303766316464346662383133313237623265646437306235333030373834333864316236663763
38653733353862323461626230326631346238653963613164656565353663313366376539613164
64323661376462616661366564616331633037326364323739316266643038616162663238383431
33326333663666363038313837663437313934343838613061343139313233313139363830313333
37333762636630393239653637323634366630383664623763333632323633303039626566313838
61343432313066366135623161336432663035366135326230303863386531353036643961363661
37613435383561653261316630303866393930613932653665363731393365313438616230663937
65613238663836323666666636353264633731306534366333616336373430633063633836383061
34316465636333306561336264393564636138343839646264366162306432393036656165333235
37623564663430626437626138393635396337663061333661353566616339613738303861356163
66643134353935396465386335386463316632303761623137626435316132313137343261363137
36326566383939373638313339343231613065333435373865353634313936396538336166353434
36353734346334303038653239343036376432346466626466346462313661376664636461643062
61366264643637343061303265343532663037653066316563633761333165313433373764363331
34366632616639366532373337303238303035303139373339376139353835616466353835636662
39663965656131373531626635323432656236353934343965356331306362326662343736633266
36633761333537336130396166303634663262336362636639366634326238643235323062333264
62316532313562363561323962303333333131376631383037623532643463383462376563356564
31633739343635373763653962636636336163633035633064333465383432336531636436663933
62303034333365363864663330396439313139356166663262653061343161393635393663633234
62663834663562653862383730633731393034653731623831633133383763363932643337613030
39623366353533386131353236313338316539383563656165386563363433323164366234643136
31396330303961316130643765313063306632353063333962326339313638393538356365313838
34393464396538303165353137646532663637653762363533613464666337333339396532626432
61376463323361616161653735356331626430353164316464383537323766326231623133376135
30663961653930656331393137306562336332363533333332613235306532386366636463373962
33363238343339656634636261653065613937356463643266666166376136643361363739376266
34613563663535613161333839646630393330363562336632656233636164373436633730353763
64633265613539323732613964623038363231333231653231383532633534626137643034653836
66663838653563303665643635623963386532373931343563353062313137333461313131613233
61616235323161333337336163613964326637376361613765643137363334636338336133333330
66663138303033353261383236366231323433643331633164613234313530366331323735303638
61343261613637613066326166346536383734346139356631343430633163633236343939643337
66646131343561353038613432363266356436383366353435373734613338373237356435323361
36656637393639303330343439643131333333663939333138633935656239643663396333376634
31303235633365386663616634356465616333366163376262393931373834633130343038313735
36616531316365333836613538383664316134343330616135363236366335663939333731386134
61306465393030373964326332343030656261343335316164363232633633303865326466313730
30663565363337323961663164663335383363336633623235366362366337653836383564333733
64353065323966393236386536646336623435323764326164383431366239326461363865303930
33653762636364636166643365363339626161396132653436613939333163303861346239333230
35356536356231336233383130623433633436636132666337393465393635363562376236656337
66393762323365313438626432626231363738333438323734393261333437343035333430663563
36373366383739636261386336373465653237666630376135333666303762636663383731393066
65646337303332643463623634333233366134333862373265363032303831663766633531346362
64613236306466613165366633306665363561333535376538383439326231303765633036353961
62383264326332353963636631346665636537643335643863313430613063303332393833333066
38643164653533333231393563343332386131643738613165656130613939383232343563336535
65383939393564313330353064366336656462393361613965623033363739393664633230386637
30333335633432663334353731373032626566373733646239393565333631393364383937323536
34653430373633303532366637633134343762366530646535646632653239303465313837353930
30396666343434393363636334343932626661326134366439613636383335366231653035366334
35353436383763326134363662616333343431346238636337653137333632313866333261386139
38376639653266333135323066643464366635353333336431376233336331666261316663376332
61333934636265396364623462626264643864366361363635616261646363666366643064363539
36303537646637343362336230353031616561653164323130333161373838353931366265346336
63663361653764346235383839343331616435353834656337656264653633616237343638663133
33376563336665346533373261666161633164353031626266643564333833326639383633336166
63373433613064326135356636623734636566613830366532663262306333356231323466326435
39333662326365396530623933633234376334646163303861313032366236306232363534616234
38373137373734373839383131356231303032656333333162653435313135336139353431393338
34336239363730396235353337323463663637313137666337653366336138323434346264666661
38626339333034666363393835326666613938376237393762323432623830303533343039366636
38383332353765323361323533643363323935373933346638333834303734323162303364323965
36663164393132373839346166393666333362303133636636646131646662356136313262393638
66623363343939313535626466383561653531343730646631656332653233643036613336356536
65663832643238386161303165623466656631373632383530616534336461636166303632386535
33353236663464643931306466383463343962303639333833363734613732303831663763343736
38613937303634646436333731366339666437363165306531343631363835316532356232636336
33356537383963313262363633386465393833643736663862666433386439373162646433616232
30626530623364613330663835663537386336616537366235323932303036393735373262303935
32323433313438656566353161376264356239346362656464656238386266653763386461656362
61353233623234613130636364646138663761313730656530643565396464313634326565623436
64323961303730626261303031653630386538616337363233626635316638343766356263303866
62363430313463326464653738313566633136316466313931643565393538616633366635363832
37333131646562363834366336376366393761306664633333613264373432633132643366376530
36356339623661323934653533373366333130623461303530356464663466663938656530306265
30353638323562353036613638336136323932373336393161353466653732653939306636376232
65663731373963353661323535636566386536336662373530623932396133323135363232353637
38396366386239333164626539663834323138633735623765363036343037653337616564396535
65386437643031373730623536636236653234613838653033313862323836623561383433636634
39343863396137336135356561363938646230666438383864653563663934316433326333656165
33323036356537353930386365373264373162383963643333316332323238376466303034646537
62306265623033393536666161363361626635323961633661663664313633646230343835323638
63303462346539336662363930333537626166306439623335303237653636366539313030326534
37306161613632656236316330306331323232633430363565616466333931386635636563343030
33336137303537356132333834636237343537666536656639633534393263653936653834643334
31363962386464363334636562336362326362616561363138303339656663663533613837326563
61636639336432383038303962646566623566633338643330373231643466653263346237333333
39343437393338633237366663633461613162373663623561623538613135356163653333303433
33373136653836316632373732303461633630656339373366363439343638393161646362393936
64386338366136393835623562386330346566653733663161643633306664653562303039353137
38643430333631343437643661643138306333316236306266643730326638663562376431666164
36663266323563303333353863663334316133353832313366636436306263303564333736613238
32353064396133653836326234613966333138376465613434366434396335633133303264323366
64383031373131663133303736666331306163623032386538633834306237383738366238306366
65653430306634346662646336336432336633636435383739613763643939383430656337313336
62376166666662393030613936303631383935646165313165393734333862346265396132336234
33633662393932653136346136326562333132386639623631383639653233633066313438376465
65376632326334633562633838383430393930616130363364363662643735336336626165666239
39373061656162396631336633326335303936653439316136303464366261373763373832363933
62366133646635316239663237346139323930316336666161336164363865323461343835626532
38643265373764323435666563353931373038646630623230656666346130386163303939363436
65616638663563363037363861633132333339623330623361346563613833666134643162656432
35376634343433396438353138343965363963323234613937633834363162623966346361383061
66353632633736633530626365326265663034353833383364396430656234613530323235366139
65326130303334383566643764666231663764373866336535373532306662373230363664373162
62333564333632393035373830353630393133373434363034313162626365643933303664656334
61363730636465643838326137616561383561643439643362303538643333346131663635366439
66636462373134306662353565643464326365646338633839626265633030376664386434643538
31346236373866316264353335633734333331646438646233623936323634313137376663333934
65636538613732643462346163623339363337333732306536396532356361643230306137633962
37613966633162333133353333636261626464306561303235333634323961623066336339613435
33613038353363656266333466393938356338343832613763616361366338623137653531656363
66613039666561333162646235326334373162613062313161656264373139383139656139356565
38613537653133393234363733633534646435653237303935343561303965326130313836643633
30376265323236343632636662646133636133396133386430313763663766343562333335306332
63623835333433653563393237396135646534633762623031613732643139663738316236396335
39326239316636383462326466623766303463326364336631333661373435663639646432376432
62336132346235656235306237316330623832363934613961303330663936633534376462356630
39366338313635376161643366373033333335613463653433643434623063353834383034323236
31656330366539623861633966396662373737646239303037353265376434303565636366303863
62636135336265376531323730343666396234363665386462653237623964646161633434326261
32326232393865393134663263373965653865633235653662333961633762613935343363303262
66316439336431386564376162613239633635303732346431626561383931633162393939333132
36353865613230616636636237626463386639393038303662383763323332323062636264343166
66383965663165343964316662343231616335366435666261333063396332306638646538636330
38393864353033323263666332356334343763393863623033616261303735376235353435636134
32613931306634663864633563303035636636386264343334323165353533666639326536376337
34316231646136613032636466623233666336346265353161356233643936386233643433383161
38663934623230633139636131616430376437656331333030346561663538316330393831303136
63393633336630343631313235613336323261353537316531333464313730386534626232633536
32613338336335623138396136653762633361343935376530383635663537306534376362643336
37646164393037373631666566323335323962326562333330666363303962386234386263373264
63306638326339663438373939313632643836636365353664653264613630643537633664336366
38353935366231336563323666353532656330623830306139363033613461306265366666353436
66346463653430643835363136613466626561363065623965313934656432636161373038303530
33336531393434333236323835336566666461636538366231383564346664663337346134376431
62666538373037636663393639623061666433393438366266613238313838666231386238666262
36393366333532356435623866313530653962303335306631396365633038376362663639653933
33376563623338623563316461663865656439316331656361323439386563393233386466363734
34356433613038303133623363313962616534353463323664333266643462356363643565643633
35353836616565356331353739313338363863306362323333383263623136636163393164653339
61306463383061366333313938346263353737303435346431343265633837643261343563636133
39393131613832336633333565366461313135353135666438333235623736386234353230383236
64383934333836313938373537636337383666383764353337353865333663303933363236666234
61656566633230333738343662653839626432336634373832353436386361356237616138646332
66323464323365306464303737326636393163633435386533613435393165636530613863373666
63633132353434326538313863356162313132356131613230646230386562393639373666646536
62393262383738313562663763376133333264346238333565643433343832326166393665623864
31363330623133323637396635616532376230346438646639633664386665613534643331613739
62633264616566646461356363376132616365346230373831613063396335343230656164626536
35383835616231313363663438333435363536343730373662643237333865376361353664626163
35326161393536393330633661616136356431383766613139663131333762633031653630663639
30363431396532313934373633336266373532333232636331616632376135663234663662396134
64653165626235376331336562343135623334393638663965663630313634656263626537663239
31663230643861313334333361643264303639643037336338643537353865376534396538616634
62393933343666623664323731333537636365636431353833366336386466353963666534333834
32313561373236383064656165616632306363326635366165663731666233616564303763303831
35383566643764656263373462323233373838336361653464656566386661323466656132353639
34313065303732383931363334363665623863633939333431626336396136366533643233633764
37383434393261613963613835653835366530663838396161636666396331616161626631656138
64633837636664333561666438393237346131656637636361636361336436363265326362323930
34386633626263316364333435373064653738626662303362343432386462643739633938616230
65306136303437356135313466376637646166623039346663336238393636353630666239323661
64373933353964363465663064633233373838396536653737373462653861663761636364326664
34663466646538333162393032343631306334613963383838346662303034313431653433326237
63386365613634623532346536396263323433346536363838356634303033636362613332303861
34626630333665663636613462653663383834356331633661663261353639396366313631353034
39646566313433393637383237316335626661313933666237313532383530656632643465623562
65326161393366316132623066333866623039313663643866336564656532373166373861373134
33613638326364343439646136656239323963653037313266623566643665656234656336373638
32326633316630393263646561613732323839356438353630653661373431323462363531663663
34313638363764323430346664323637313435313935636566653862353830383262383433363132
33316239346363613765396661373763336235336262323064376466663135363762633437383264
33336234303932313134666635643465636237333739396463346234626233653765306337393764
65366464386638646565386166343634613134306366656466613262366130656661356237363564
39366637396332363332343131633938653061333563663964653831373939376235666462636539
61353361376634613661373634323461353166316336343664303161376139626266366334303764
31333339633738306666616261643831366563343563303034313137386133356338643630376130
36643331393465366631303863343032633938623365386266343765633333663139643062653339
36643135306466363132323237303238313162643431363932623962616162313934626131343933
36633865353632373735336531373164626133303937323032616566326538386436373363303164
37336565333463396637633137353066363462366166613962303665336665643831313561383738
39366261626439383638666533643161306638353732626334396237336465373862373933366538
32333438333162633338323432333664653265316563623032343261653230373063343937326665
30376532653838353837633161356265333132623536383839623539626332646233316362333838
33373663303164636264363237636464336430636364656534333863363139343037313533393234
37656363393062623034313430616563653430633331313735626434353763343932356233633462
66393164336336643839383238653837303962323139366637656534646539303932663531633664
38396639663137313834643438343761366237373333636634363734323436636231316366613861
31643761376565323435346530303062653230613366623335656565323735663064313966666162
34653763313862366436343362633963363532653633656532613065383737313138363364313661
37346161613661393932646238356334633963663037653934393666613634313565663436366365
63383838343238343736303663636537613164623237313233346137646163303833663131363663
35393737346436323331633564353966633433326463623166666632666663303764623038613739
63363133313338333763613365313437646163643061663463303737386134653636313765323930
38643634396338306230343866623732376436366432356463303961323139633638646364663336
35306431613835353539643964346139303266643265656437653363396235653961653532646365
36303465373434666361303537386165653235626564613830386532396534373134363734316366
63393235633032613861306236643932623436303036323163376133663935616138633765303230
39613062353537353265643036393939346530383762393736373931353537666566643035333532
37346338396366353831303537343463303731323462623630633635653130616538646530363031
31656132633964333138626461383765353730396362346564393062613761356434353464383533
35666238653338323638346565316261623532363434653538656238326464333939663936366139
37643736373266383664313936643231316632383934323462643438336136393834373534393138
35366333393332666466353631356634373337633031326463313630333631383566333831303337
37656339383438303162613861323433613031366639343766616434626161643133396232653539
62613265353732363365633834393763316266343361393932306237333135343735306465323638
38333063356139656530316130363564663634613035396237323832353737363038646633356334
64313666303331353866613939306134666134356334333839616132396464616264643239303564
65373635383761363363383032343162353664343262383264316639336434386636326230303733
31653033336262643632323962646464393437343031623530653265636133346265383966313032
61646430626338386462383531323261633964323030323737343834336261303363376635666133
39333631303864396232333632363130633961323234383731663664643634383233396239393361
31653831383737313162616165386533663765366537363835393063653633316233393734376132
35646461636337613530343738666664363534313936626538343031313034666666373334323436
32346364336266333134613434636636353535396266316231353462386162343762303363653764
31623334336439653364333632316133373763336634626162313535646265613733643638363865
39393631326261393031613439343465636231363032316335653936663065643365306261633837
38656531653865346530386133643163346633366639613366376530303564346534646266393331
33626236346236623736306361326537623963313564636139646366383738366431643239383333
65316661633736366361636465366330666235373934653638393163666339333530333264356433
38386635666435653439616263666338333164303935643730653931343335633665613461343132
66626663613238353733626238623662663832363831356230643639616330663438313864336237
34623563356539343364623064393033633334386262396665623338323736663266663834623230
61386234393063316139613739656630316434636262323038303133336630383234366164653564
62316461313536393564646563616361613236383530643732333831383565383461363738383437
34326661316563636165373464393730336361333435346533613966336238643334366130653465
38313663363433626535376530393438656133663963343636643666666133353061613739333866
64383333323130323939643330336637393836626639656630313264623462356561383034326434
32636239333236386665353930363636303966373732633537643734366566356365376138633433
32336432343438376266303634376435666464646133366339313964386330636131666535386466
34663839383638353464343734646266303762316564383164643865636636653663383930353462
34333730616435363832366162343033623237343230643661613435396265323134353336353536
33646134666533663663653961613831626431336366356139653566653761373037363962353035
31306239646539636339613966323236653965356461613130633234326164613465336165613837
37333162333434326330633331353830356338396562653131333565396336666364303461633236
61353032643164336232623962376461366561373863376433343430386435383265353838656638
63646437316138346463306335373032663666663264393636313538653964373831363535306464
36326537666531303365613732656433333739633731616265636337303532366266613732316630
63643266613032343231646232323233323634326334656335386236363333643965363635666562
61663534346532343639333032363932386136353930613835363537363434623637653965643165
33616535663530386562356665393735363033366161326137363139363035316536663935643863
37346135386636373564613435623636363235613735366434343538363165623763633464366537
37343466656232393466303435326530383639646236346633326330353866633464343231393633
35613263373964336438313839646165393261326435346332623830393761356336333135643332
33636461353630346264346430343031383732393733626464343462623233393461386136336466
62326432623737613832323261343230636435333563653165353233613862666330303135356231
61336362313139393964353336346663353737393865646430643834633035613365323538393230
31663739313666623336326133366661313364316666346663383263323230333537383833373933
64343438613465336636613131353132343639386562323865356563633734653662363836313039
65656432663834656465363832623531643431386563343265376436313862333832663638333664
66373833316431336436616562373432373965383739346337376361353064356236376433323938
36333138356439616431613134396463303439646665663739616664383065323236343835303232
62333230666631306634313735623664613964393762613737333638663137383765636333653764
65326261383936636362636464613661323931326662303236613836393333336266643030336638
30353630333564663261363038363832633263353131383337323265396132373330633638346634
32623436643139636332333934363839303863383731336262396661623566663761386461343266
64633032316434383631636134306139396633303133643533616261393737336365313365616264
34653766343432393037313934343635303037623461346134653435386633626530303535313132
32343533363634316333353336323535623032346138633033376266623761313833623366353038
31356534323635623265623534623165656334316131316531363830326464356131326634666462
33326630313330643234346134346536623735326562616231333831643530313563336565323663
62323232376461356563666535316238616562393030333633323764366638373439316462306333
32376361616365663231626130336439353038663934653134363539396437396432363530633762
39663031336533386131393637313434353833316138303062383166323664663565313433643262
61323962313266376232366365366439623730333735633533643039373230356436396461383139
33303432306437326466303830666163646531656364383633396333373634346237376436653633
33633334303631633539333766666333356661363764623537373535353566626163376130396565
30363133313433313935393933333965363738323235306136333365663563353237626363373162
38663239613764643862623138303835386139643766313137613133363534343137633935613230
62333632313565613439346361343361343864376162376336303762323465616264383431633639
34356662363838356265393361376663343733653563343066363131623433353161363334636337
35636333363732383966303933323435643139353731386461616363363935623461306639663766
66393434363066646262333963333166326662336265306161636337663066383530343335656134
61343034346164346238633665613739353261363261336664326164643163343334653665333162
33343861396434666337383230363431373865653561636335376561383338373633313139626561
31366661326639356466653363373739353238363239373331383362376434613561323330303735
64313232393731333966663162636230343765376138613832656633373132643662373264353662
34363532613336346332313966653931306263346131313239643436356361396439383761346363
30316335623332393364303065666230333132666339616236316431306434323833613833613735
39343464306132653535346335653237613934306633373466383134343138316266376436323035
35346165643964643537383432353839386263373638636336633865323131303639626534393733
63633465393332356338383237323361393265343835653436633138346665353837653163393636
37653361376161353730383935383663373064343937633331353163386435343664323939346563
36616164383530643335363361656164323730623533373331353961613832646533666664383135
37356633393637323765633465376633323133333866353964656336313663663934333639653336
63313363626535623164373962353039623833383435633234356363646333373735373666636233
65363634333165633639386561346237356466323163346332396139633639396638653232633961
36333865656264356235383837376564393663613035336233663935633733613031373435396433
65643431353861346165303362666161366561653534643932633632353636326235336663663135
39333236663339643039336537383639383865623831376434623532646433643635363465616561
33363532373361613664353731363430323566393230366161653538373165363062656232626231
34333066636163393334363263353635343237393832663735653936303139663637643832333066
65663536363235646433623630613464303838663132663139356430613032396361636639613864
34316461306264663061666232356562616633353566643533326333383235643763653830656234
31633866343833613535366663623831636663633434633264303337633062363061633434303137
36393462333731303038613862643064356331393731653165666264356636666133316562313338
66643235383564363735616263333964373630376663663132313238613565313339333931626136
33653532636438633566363335326263663865306636356165666231643761356438353336383464
32656138636436323231353737633064393136653464383539316430336338653131333133646366
36643338613532623266363532616430353532303332376431626664636332326333323031353532
37383136343237623930643561653964393136653736636462376161366538316134646436383065
31636163626239373561336366326636376538633431366233646534353062333336316166353634
66383861353432356438383561366438666538653961353436366631613533663438303032386265
66633239333733376130333032353566343334646134336431323363653962376663663132356138
33336665373134326338383330666634313565353730343932386538646630376138376566623166
62383832343162303665366432366334333264633533663266333736633435393465313430303262
65383934656234613234376533396135323563366139653962376533356336373664643765363265
66313662373937373237353162363866383038343231616234333461326566323434613532666337
36353463653238346638643234373939613136613562323566313130346536313465313437653037
35626538386163666439363764633139633535343637636131616562323531303563666638383237
37636632316265336261323165363733643236663538646663663135656436623465316333383638
35373430383130373462616336373165303365656430313665623933323237636531346661303935
30633536336366663335623933346264373364326333383565653937303634353532336561343030
62666461336166643136653232666561373664323032323264346639363630386239613233303065
65356637633664333332343432643830393737663664623665643835353838343532613466323936
39306235356535366535376630363533393239613764376638393434633239666434313838396431
38613738323065376531663930633962346230353266653837393465616265633966643563656435
31626532636465333234363462383762626238353531383830393437363234646562383039336530
37623735626364393966313930353863383266396131656130316165393465383262646134613666
35636163303561363335316364626430646632383463613864666532613163666164653031356133
66613561663137643535343362353233636330386362616239663431646635363462323063633263
35343466386139373834616261376131333530353339323466323863653439306332313536333165
38613764633364333663376438303737346639616138366231643239323161666334653464383434
39303264366335386466363163366636636235646638636337653136316261306363663933633734
36646131646566333030376266633762623961353066393133306132336231363962303735396437
63313465643861653230396135353135643463326535393935343931613938336431356335663230
64303464363031386263643866613362393135666639396661613332343766663462613731623666
36623839393334316634386235363162616536643135663737653933643438343737346331383531
64313538663839346635613231393238303662663131666334363761343235333061306432613766
63346531393132336337336562346630333436353062303763323339356162383266386334646339
31343566373438633465623335663535323965666436326464613932343131373763343439363237
64646538306532396231393039623138306663333134643965313137366637363162343437616333
30616134656462623932656130643638386135353837393364303839366262303265663834373663
32636230316238613236356363363563373366383037303136316139353565636435316236386263
66343735393332666261643738666537303132633039623436353261313631383032666636306266
39326365613764623963303034636132333732656633633132366136653732653862346266363132
35656161386337666433663430383862353134616530343866663534303530396138633864613438
36646364346233333339353432313139343863353136393561373562643334636237393730366630
66306261643737383461643933643637646138316133346133333130633665373665633865376561
34303631306339393864656333363736386331663433633432306236326463613732343265336135
33353130643836356433376466363532376464353835356161353961323966656366336434303933
63373732626137626534623965373261356135326633366266613362303031323265643035363734
38393538393538666430306230343830626661366537613261333039366563393564326430303833
38356430363264376665346661663430393431303130373462386363346262316633323537393339
61393238656432366166666631623064616633363339303463376165373330313333366336636136
64386436326237656166343363373832363665663262333362646534306366373038663835303939
36396365346335656264373863363938663762333633323437346562393234633836363633633963
64333530343130633562346330646537643030396431363766323939323737626466363530333365
39636263613066336661353835323235306437323539393162313034613362303731313635633335
36303433643161363936653463376161373736643731376332326638356335643266333132303230
31396232313531616163316430323931346665393665393961313236303038383738656165396536
35396664636666646237383639343666643765303732366265663530333132633161373533333733
61636631633462356435336265323131383733366132313439336365383465356639326235636363
66373432643363626130623834383636306163616165666362343864353438313839653866363465
3735
