$ANSIBLE_VAULT;1.1;AES256
64656434623139373336376165616664336130316264656239346463303935323863633138326538
6366356537653264343766646532633934326363636362370a343264396433653461613130656265
65343962306365663434636362316135643635653131353133666165363534636332313737396361
6162633837626138370a643433363363353334363637323463623531643266333636366435333431
65353238333530656464653133336365633561373761383936666135666236363433373466633531
36373363613761653964663561643161363037316265323364623465376139636632306630623931
31346338613161613530366137636634353433663433643437623238333461393435643339653965
38616530626431373364633635636636653035646366653637633635356236643363376330353337
62313534363030636532613636323839363136343932303336313333366263663439396438373834
31626563316563663335303361666431303536616663626439306534623362653837383766306262
63336365616435376438303462633939623633333435643039306661666334643438303635363933
62663136336266363936626338626563393835343264623335623838633536376539656632396536
36643137303337623334396331353730363863663635633439366234303563643234366233623832
31306231626332343036396135313936373839386233356532313566303037333034346365383335
39396162663235323166376131333131653032343863613633646532363934396136383335303561
30653434656539626330376338643339393833396436306134346663376135663838633766613230
31613236373030316235656562353239376331353664326365663164663064313062653363353330
36663634313236336230323531356261396530356566336135313239356364353963646362326330
35613333323336666265653361623938333263356331626130646531623064313630613139663865
64373566353639663334326163653766633639623833363562386330343338663236336164626337
64633665613037643635663033656262393531643137626537313165383631636138343264323635
32323631396631373133306333623466636238646665653131353737653266353861633366393032
616235366461656266373963323965666263
