$ANSIBLE_VAULT;1.1;AES256
36646463643636386636386264613364303933643561386562643262616338306566626333346662
3038656230636234303738616436356665613030666532640a353035323837383737633736653236
34366133626466313264303265366163376533326363633332353362363866666663333230386433
3463386232666262390a663862623932616166383066633762306465626232626336646133323066
66646331636138636435613032333933336238356636363232373664613435356565393138356162
34353364663335666538663638643131303761613137313936366261366135343236353361626665
38333765336365636465346639303836373137396436353630636333626563636139643435326439
38373737346334366335633631386432623836613664666434383163386365326566363863346334
31323861343062323165313661343664393330326137616439396662316563376366343136636438
39373334306437633237626635633433646238613835636130316233663865636431396661323033
39326538663764623139626163623966663065623264363031323531653138303431663239613863
63346230353339643337656362373964363166613738643532656530626132326239316538343037
65343836353063373865666564373163363931653838383634386233666362643062383262323266
35353534366134393330363732643631613163623065343834663730316430656364343861656662
66663330633561626434633031326538643161346136393464303634326433333832643734616165
32323431366234343639346666393565323537643236626236646332396466373230653734613334
39353664636230383763666138393862326438383939323464346164613366623532356139353864
36303039373338313339346638356165383335376361636132663165343039386331363630396533
31343430336461646366623966313038393931313663393733663832653436646662306164396637
39346137313637393232626465656135643663306132306462376366646166346235333333356437
38353663383161303431623135376265363530636631303163626265623536623032633033633033
62613036313663666339346532663332386636373466653631653032373761333839333933663836
30313233653831633164623666376234663662653162326366363764626265373930666632633664
39313238316233343663333463383230393264396562613738326631613436356238626162393634
34383530626436373966356435666132643633646663396666306438393237616233613834633732
64666131336234383663336633383537653634386633623836656139663665366465626139653839
61373061323739333566346163636639646334663463376633343136643037636562643966356638
36626438393232396536343265393637306437303066656134386462356537363639373135626238
30633165353132383035393962363932393934323439316631363731346437376533303466326163
65613962396536636565303238343330353531656233376438366530383036656334376134303836
66333334636638373533666564633035626238633439326466666365656633653665303439643063
37373835373039313464373736613533383534643035343438313266626265616131303766333935
62626432656330363637663732336537636536666566313961343731616330666263623735336366
31636536303437303639626638646534303432366331383332616466333433326462333037323336
66366138643863313239633866613163623266613631313762636532356562333366376133613863
33653765373636336663326230613864643366346161363135386163643263346335356531636330
64633833383435663233313339663561663763323937613063376461343334383862306663366634
39323361626364666631396139323637343130353462356665363361666564343439373631623338
32366266353532343333343837653238343962306364623337653662386430663837333466613866
37343233633130623436613133363466343464623664343164653033353131363833626339323530
33616332383639316331636332663433616337323039643238316366633263613839646431356232
36306534643261386566613435613230376134336164613633656430346131356265303339383430
63363838386438303035373737656633323964626538383438616664613634343332323035376438
34393866653861333332613031613837383665633235663731323865626161636539626536363239
31666432393438643066336662666563323436633536636631363262323431323532623633346264
30316366663161666635376238633164303333336337383038316335393761336234353939366563
62303533303265363764643933306134363361316633356363626535636262623763656262653462
32656436383239643530356237373164613538363031303966623835393433376438663331356633
30326265333733653730666630373135363366643932306565656634343836303565393866333230
30303965393963626235653966363264396665633365363765383933653831653731656161376563
61656337373431323064323439393366646539616239316237343263623335353238343865356539
31306563336332353634646137396233376533653830663635663336303837346237656237626432
35623666346363633839376437313132396537663031326437343065663131343766623231353434
31356233663665623930646139383136373137383635633062666438323038346166646337623135
32316136313538653335383831653663333237316461666231343931303966643735316432383730
37336538343538653739616464336631396463616432336434366462383165666537303139646334
63616364636138333863623434616630383938646134653262343432383363323834646336663462
36323863386330623264656232386164613837323964306133653066396434356365353964326265
36313130333934383338303062313737656562303462613333313432623831386336663032633566
61386465346562336137383365623366366639653430393430653431643462333165326231326330
34336336646439303535363039346439333830313933613035623232366131666461363039663463
66336264366631303766356330333164316330313263393933313236643934616166303466356661
36613735323763316661353263303539646130303734316536373935626338343934363832656133
31663631626331646533626462373135613235373431343339353737373862636232616334376466
61373730646664393633396361303931613736393430303932323637383862336639343434343833
3736356365316465386662653131663236643766373238363634