$ANSIBLE_VAULT;1.1;AES256
30326564623736313036336236663162643330646365656336366435623835396135613130353366
3434636239316335633332333537623862313138626635350a393132396332313866333137333662
65623462626537666664323031346336316130343533316264306636316435616235343466343034
3763383261373865640a623236313939383434313935656133666234303233306164656261356166
37383838313231653730326666396364353866336463653034336336626638303939646437376438
34333635653335363438613832613562393365326263663232646633636561386330356238363632
66643039613165666561396639376263346535393538646164393166323732323131353962373335
62663332616335626139386437303439656462613832313537346531636634636438343634363237
32383138656234656566323964626664646331396534663038666530346133386463383732623762
37346362393632373030663530363139656134323234303333653630643338376265613330303763
38343262366437323935333539313331303265616630316363316463623836306132343263393264
32643963356361643831626235663266613064333664636536383533613461306231323161363233
38643332616338343533353233636632636233656361666464383433613730386331613231616561
64663031353665306463383931646265376566626233323562663162373931656165613833343139
323934323838326263383136356339613264
